20
174 184 112 136 102 38 76 120 108 128 114 20 188 48 194 38 72 38 60 90 
72 170 140 20 134 132 78 134 84 60 120 54 196 178 198 58 32 112 172 194 
136 84 74 176 114 150 102 34 148 24 102 60 64 102 34 98 156 174 20 72 
82 174 20 78 24 30 52 106 112 176 22 120 24 54 170 188 72 196 78 148 
82 134 76 122 104 116 188 98 96 186 132 44 180 80 82 164 58 178 184 116 
48 86 110 50 194 78 78 84 70 142 194 194 194 20 30 196 134 134 116 50 
54 168 164 70 102 50 88 166 190 62 84 112 46 26 190 158 90 90 138 156 
112 120 84 158 130 152 110 48 32 70 140 184 106 178 170 78 52 188 80 120 
170 86 170 184 114 130 122 88 198 48 20 152 64 108 100 78 48 184 176 162 
98 92 108 68 132 54 92 188 144 112 46 40 184 40 108 136 56 118 74 34 
112 172 60 126 138 162 100 172 188 114 158 184 98 110 178 198 66 158 48 176 
80 26 152 170 174 32 164 104 174 102 86 124 176 176 88 86 164 66 144 84 
66 124 96 48 120 110 68 36 66 192 148 160 152 56 146 198 24 182 88 96 
48 42 60 74 84 130 122 106 158 150 142 64 80 42 124 154 20 74 138 26 
172 40 164 156 192 162 158 118 58 154 166 188 32 72 110 174 40 116 182 166 
140 108 70 34 80 106 150 154 64 178 92 46 168 180 178 52 158 140 120 122 
170 122 146 144 138 172 140 112 110 50 20 106 24 22 172 68 90 186 76 190 
166 110 62 182 44 116 106 114 126 192 190 152 90 180 28 186 62 50 78 36 
124 144 166 140 76 88 84 64 196 82 64 58 194 92 120 30 130 54 162 152 
62 34 68 136 42 126 150 162 46 152 154 92 62 34 154 60 72 56 44 54 


20
56970 60880 54287 56171 58754 56116 53843 55499 55950 60351 56208 55110 58422 43832 71037 62252 33819 67371 55046 62073 
60239 61055 61733 65926 66657 68303 65674 60959 64995 71491 73818 65286 69463 52231 72819 71828 42255 70126 66127 63579 
53711 56810 47552 54686 50617 50213 52343 53719 57899 59502 51746 53178 51635 41269 60914 61173 38102 61935 50960 54410 
56428 49714 52252 54987 52237 51122 55903 58720 53025 59206 52378 50065 56984 51335 63035 52119 37441 54285 54732 53191 
63633 71430 62924 63373 64098 62222 63836 69276 72557 74829 67011 64362 73754 54556 79131 75351 47254 73826 65850 67325 
59703 62883 56771 61657 63325 58878 63909 60976 66831 67771 60065 58753 71571 55725 69320 67565 48066 72420 59129 62559 
64124 58511 61556 67545 62607 63805 64865 59710 63237 60096 59067 60318 61218 56980 71018 58668 45650 70483 63328 67582 
59397 61703 57911 64927 64671 59299 64961 65240 68298 75505 70086 64747 66959 52209 70944 76772 45541 66835 64253 60970 
66719 65097 63496 74102 62207 59789 66090 62724 74052 70998 64260 63167 67895 54698 71868 68817 50770 70281 66415 64270 
54815 55423 50715 54731 53958 52944 53133 49264 53159 57837 53069 53098 57667 47518 61878 57836 35730 65089 53422 54805 
73516 72224 70722 76991 77773 73148 78657 77958 76376 84013 78405 77725 80073 67474 87625 82041 53318 84596 76875 76340 
63745 65709 62447 69589 63509 62955 66994 61935 75288 69113 58238 62260 62828 48825 76555 72474 46410 78676 65789 67984 
59087 57797 56262 59159 62717 56963 62299 63663 63514 70611 64214 58446 70402 54628 65932 68888 45115 65099 59990 57295 
51092 51907 50395 51128 53679 48123 50596 52087 57266 54485 49377 52880 55959 42859 57790 57478 38094 59531 53136 53447 
69880 73001 66382 76335 71778 64254 74462 74848 79539 79999 72763 67097 80490 59054 81699 77874 59345 77633 69296 69948 
63479 63891 63569 65475 67267 64859 64249 65309 66956 69838 67759 64020 66634 47502 76785 72045 41041 69758 63134 63287 
63287 61702 59948 68704 62061 58530 63778 62000 62340 67584 65157 61928 62452 50285 68577 66643 46845 66892 61219 61989 
59421 66015 56636 58670 63142 55044 59868 66648 71399 67890 57997 58624 70207 52097 78197 68326 45940 71144 60004 62497 
60990 62079 61013 64217 60911 60628 59007 56861 66502 62346 57108 59223 61398 45152 71917 63903 41856 71533 60393 65129 
46912 49840 46146 49668 53078 45533 47427 51010 51415 51407 48700 54166 47503 37610 58104 58611 35134 57857 45561 50921 
